3.000000 9.296,
3.150000 9.296,
3.350000 9.296,
3.550000 9.296,
3.750000 9.296,
4.000000 9.296,
4.250000 9.296,
4.500000 9.296,
4.750000 9.296,
5.000000 9.296,
5.300000 9.296,
5.600000 9.296,
6.000000 9.296,
6.300000 9.296,
6.700000 9.296,
7.100000 9.296,
7.500000 9.296,
8.000000 9.296,
8.500000 9.296,
9.000000 9.296,
9.500000 9.296,
10.000000 9.296,
10.600000 9.296,
11.200000 9.296,
11.800000 9.296,
12.500000 9.296,
13.200000 9.296,
14.000000 9.296,
15.000000 9.296,
16.000000 9.296,
17.000000 9.296,
18.000000 9.296,
19.000000 9.295,
20.000000 9.290,
21.200001 9.285,
22.400000 9.278,
23.600000 9.271,
25.000000 9.264,
26.500000 9.257,
28.000000 9.244,
30.000000 9.225,
31.500000 9.207,
33.500000 9.180,
35.500000 9.148,
37.500000 9.110,
40.000000 9.057,
42.500000 8.994,
45.000000 8.925,
47.500000 8.848,
50.000000 8.763,
53.000000 8.654,
56.000000 8.533,
60.000000 8.359,
63.000000 8.217,
67.000000 8.017,
71.000000 7.807,
75.000000 7.589,
80.000000 7.306,
85.000000 7.016,
90.000000 6.725,
95.000000 6.431,
100.000000 6.139,
106.000000 5.790,
112.000000 5.449,
118.000000 5.122,
125.000000 4.762,
132.000000 4.424,
140.000000 4.066,
150.000000 3.663,
160.000000 3.306,
170.000000 2.991,
180.000000 2.715,
190.000000 2.474,
200.000000 2.265,
212.000000 2.046,
224.000000 1.860,
236.000000 1.701,
250.000000 1.541,
265.000000 1.396,
280.000000 1.272,
300.000000 1.132,
315.000000 1.040,
335.000000 0.933,
355.000000 0.837,
375.000000 0.752,
400.000000 0.655,
425.000000 0.566,
450.000000 0.484,
475.000000 0.407,
500.000000 0.335,
530.000000 0.252,
560.000000 0.174,
600.000000 0.074,
630.000000 0.004,
670.000000 -0.044,
710.000000 -0.086,
750.000000 -0.127,
800.000000 -0.176,
850.000000 -0.222,
900.000000 -0.267,
950.000000 -0.309,
1000.000000 -0.350,
1060.000000 -0.396,
1120.000000 -0.440,
1180.000000 -0.483,
1250.000000 -0.530,
1320.000000 -0.575,
1400.000000 -0.624,
1500.000000 -0.681,
1600.000000 -0.733,
1700.000000 -0.781,
1800.000000 -0.822,
1900.000000 -0.856,
2000.000000 -0.882,
2120.000000 -0.908,
2240.000000 -0.929,
2360.000000 -0.950,
2500.000000 -0.973,
2650.000000 -0.996,
2800.000000 -1.018,
3000.000000 -1.045,
3150.000000 -1.064,
3350.000000 -1.087,
3550.000000 -1.109,
3750.000000 -1.130,
4000.000000 -1.157,
4250.000000 -1.183,
4500.000000 -1.211,
4750.000000 -1.241,
5000.000000 -1.274,
5300.000000 -1.315,
5600.000000 -1.355,
6000.000000 -1.406,
6300.000000 -1.442,
6700.000000 -1.487,
7100.000000 -1.529,
7500.000000 -1.568,
8000.000000 -1.613,
8500.000000 -1.651,
9000.000000 -1.682,
9500.000000 -1.706,
10000.000000 -1.727,
10600.000000 -1.748,
11200.000000 -1.765,
11800.000000 -1.779,
12500.000000 -1.794,
13200.000000 -1.807,
14000.000000 -1.821,
15000.000000 -1.835,
16000.000000 -1.847,
17000.000000 -1.857,
18000.000000 -1.865,
19000.000000 -1.871,
20000.000000 -1.877,
21200.000000 -1.883,
22400.000000 -1.889