3.000000 4.648,
3.150000 4.648,
3.350000 4.648,
3.550000 4.648,
3.750000 4.648,
4.000000 4.648,
4.250000 4.648,
4.500000 4.648,
4.750000 4.648,
5.000000 4.648,
5.300000 4.648,
5.600000 4.648,
6.000000 4.648,
6.300000 4.648,
6.700000 4.648,
7.100000 4.648,
7.500000 4.648,
8.000000 4.648,
8.500000 4.648,
9.000000 4.648,
9.500000 4.648,
10.000000 4.648,
10.600000 4.648,
11.200000 4.648,
11.800000 4.648,
12.500000 4.648,
13.200000 4.648,
14.000000 4.648,
15.000000 4.648,
16.000000 4.648,
17.000000 4.648,
18.000000 4.648,
19.000000 4.648,
20.000000 4.645,
21.200001 4.643,
22.400000 4.639,
23.600000 4.636,
25.000000 4.632,
26.500000 4.629,
28.000000 4.622,
30.000000 4.613,
31.500000 4.604,
33.500000 4.590,
35.500000 4.574,
37.500000 4.555,
40.000000 4.529,
42.500000 4.497,
45.000000 4.463,
47.500000 4.424,
50.000000 4.382,
53.000000 4.327,
56.000000 4.267,
60.000000 4.180,
63.000000 4.109,
67.000000 4.009,
71.000000 3.904,
75.000000 3.795,
80.000000 3.653,
85.000000 3.508,
90.000000 3.363,
95.000000 3.216,
100.000000 3.070,
106.000000 2.895,
112.000000 2.725,
118.000000 2.561,
125.000000 2.381,
132.000000 2.212,
140.000000 2.033,
150.000000 1.832,
160.000000 1.653,
170.000000 1.496,
180.000000 1.358,
190.000000 1.237,
200.000000 1.133,
212.000000 1.023,
224.000000 0.930,
236.000000 0.851,
250.000000 0.771,
265.000000 0.698,
280.000000 0.636,
300.000000 0.566,
315.000000 0.520,
335.000000 0.467,
355.000000 0.419,
375.000000 0.376,
400.000000 0.328,
425.000000 0.283,
450.000000 0.242,
475.000000 0.204,
500.000000 0.168,
530.000000 0.126,
560.000000 0.087,
600.000000 0.037,
630.000000 0.002,
670.000000 -0.044,
710.000000 -0.086,
750.000000 -0.127,
800.000000 -0.176,
850.000000 -0.222,
900.000000 -0.267,
950.000000 -0.309,
1000.000000 -0.350,
1060.000000 -0.396,
1120.000000 -0.440,
1180.000000 -0.483,
1250.000000 -0.530,
1320.000000 -0.575,
1400.000000 -0.624,
1500.000000 -0.681,
1600.000000 -0.733,
1700.000000 -0.781,
1800.000000 -0.822,
1900.000000 -0.856,
2000.000000 -0.882,
2120.000000 -0.908,
2240.000000 -0.929,
2360.000000 -0.950,
2500.000000 -0.973,
2650.000000 -0.996,
2800.000000 -1.018,
3000.000000 -1.045,
3150.000000 -1.064,
3350.000000 -1.087,
3550.000000 -1.109,
3750.000000 -1.130,
4000.000000 -1.157,
4250.000000 -1.183,
4500.000000 -1.211,
4750.000000 -1.241,
5000.000000 -1.274,
5300.000000 -1.315,
5600.000000 -1.355,
6000.000000 -1.406,
6300.000000 -1.442,
6700.000000 -1.487,
7100.000000 -1.529,
7500.000000 -1.568,
8000.000000 -1.613,
8500.000000 -1.651,
9000.000000 -1.682,
9500.000000 -1.706,
10000.000000 -1.727,
10600.000000 -1.748,
11200.000000 -1.765,
11800.000000 -1.779,
12500.000000 -1.794,
13200.000000 -1.807,
14000.000000 -1.821,
15000.000000 -1.835,
16000.000000 -1.847,
17000.000000 -1.857,
18000.000000 -1.865,
19000.000000 -1.871,
20000.000000 -1.877,
21200.000000 -1.883,
22400.000000 -1.889